Cycle: 1806,     Time: 7.000166e-04s,     Time Increment: 3.879889e-07s,     Progress: 100%,     Estimated Clock Time Remaining: -
Cycle: 1806,     Time: 7.000166e-04s,     Time Increment: 3.879889e-07s,     Progress: 100%,     Estimated Clock Time Remaining: -1s
